(7)57#473 3212
(5)123(7)35#4#1#233

(7)5 5#43#4 (7)3 3212
(5)1 1(7657)3 5663#4
(7)5 5#43#4 (7)3 3212
(5)1 1(7657)3 566#423
57 7[1]76 [2]7 765#4
5#43 #4327536
57 7[1]76 [2]7 765#4
5#43 #432[2]67
(7)5 5#43#4 (7)3 3212
(5)1 1(7657)3 566#423

(7)5 5#43#4 (7)3 3212
(5)1 1(7657)3 5663#4
(7)5 5#43#4 (7)3 3212
(5)1 1(7657)3 566#423
57 7[1]76 [2]7 765#4
5#43 #4327536
57 7[1]76 [2]7 765#4
5#43 #432[2]67
(7)5 5#43#4 (7)3 3212
(5)1 1(7657)3 566#423

(7)5 5#43#4 (7)3 3212
(5)123(7)35#43#23#4
(7)5 567#4 (7)3 3#452
121(7)123(7)356#423