03.カゲロウデイズ
[2][2][2][3]7656 576565656765#4
22(7)232
[2][2][2][3]7656 576565656765#4
22(7)23 76565 325#4323


5#45 33235676
7767[2][#2][3] 7[5][#4][3][2][3] [2]7653 7[2]76

5 3323 5676
7767[2][#2][3] 7[5][#4][3][2][3] [2]7653 767676767[2]7


[#1]7[#1]7[#1]7[#1][3][#1]76
66[#4][3][#1][3][#4][#1]767[#1]
#4#43#467[#1]7
767[#1][3][#4][#1]
[#1]7[#1][3][#4][6]
[#5][6][#5][#4][3]
[#4][3][#4][#4][3][#4][6][#4][3][#1]
[#11]7 6#46[#4#1]76[3#1]
#4#43#467[#1]7
767[#1][3][#4] 
[#1][6][7][6][#5][6][#5][3][#1][3][#4]
-----------------------------------
323232353
67[2]76532323253
323232376
7[2][3][5][#4][2]76767[2][3]
323232353
67[2]765323232357
6565656567 65357


[2][1][2][1][2][1][2][4][2][1]#6
#6#6[5][4][2][4][5][2][1]#6[1][2]
5545#6[1][2]
[1][1]#6[1][2][4][5] 
[2][2][1][2][4][5]
[#6][6][#6][6][5][4]
[5][4][5][4][5][4][5][#6][5][4][2]
[2][1]#65#6[5][2][1]#6[4][2]
5545#6[1][2]
[1][1]#6[1][2][4][5] 
[2][#6]{1}[#6][6][#6][6][4][2][4][5]
____________________________________


[2][2][3]7656 576565656765#4
22(7)232
[2][2][2][3]7656 576565656765#4