22124456
22121(6)1
2212456
6 565 42
2212445
221211(6)
2212445
6 565 42
4321 112(6)(5)(6)
(6)12 53 44312

4321 112(6)(5)(6)
(6)122 2453
2455566
6[1][2] 546
2455566
6#66544
2455566
6[1][2] 546
24#665456412
2455566
6[1][2] 546
2455566
6#66544
2455566
6[1][2] 546
24#6654546[1][2]
Á½±é
4321 112(6)(5)(6)
(6)12 53 44312
4321 112(6)(5)(6)
(6)122 2453
2455566
6[1][2] 546
2455566
6#66544
2455566
6[1][2] 546
24#665456566
356677
7[2][3]657
356677
7[1]7655
356677
7[2][3]657
35[1]765657[2][3]