1121 11214321 1(7)
1121 11214351 1(7)
1121 11214321 1(7)
1121 11214351 1(7)

5432123 11231(65) 1(7)121 33431 (6)123 21(75)
5432123 11231(6765) 112143457[1] 6[1]767[12]5 7[1]

5432123 11231(65) 1(7)121 33431 (6)123 21(75)
5432123 11231(6765) 112143457[1] 6[1]767[123]

15(7)11 1232231 257[1] 55[21] [1232432]
[1]77[1] 5[21]7655 5[12334321] [11]5[21]
[11]7[1] 5[21]77655 [2321] [3321]77[1] [23]

5432123 11231(65) 1(7)121 33431 (6)123 21(75)
5432123 11231(6765) 112143457[1] 6[1]767[121] 
765 63221 11357[1]55[21] 5[1232432]
[1]77[1] 5[21]7655 5[12334321] [11]5[21]
[11]7[1] 5[21]77655 [2321] [3321]77[1] [23]