空想フォレスト
1[11111]76532111(6)113
32111(6)653211253                                 |3235323|
1[11111]76532111(6)233565
32111(6)6563211
-------------------------------
1[11111]76532321(6)1(6)13
32111(6)16653211253 |112123|
1[11111]76532111(6)1233565
653111(6)16563211

(5)1[1]65 5563215 553212323(5)
(56)11653211213
(5)1[1]65 5563215 556[1123223]5
556[11]55[112] |[321]|

[33321253] 556[116563212351]7[1]
56[12321] 
[33321253] 556[11656[12121]]
[[1]65321] [1]5 5[1~[1]]
--------------------------------
//这段降八度吧……太高了
[33321253] 556[116563212351]7[1]
56[12321] 
[33321253] 556[11656[12121]]
[[1]65321] [1]5 5[2345321]